Matrix A (real symmetric) used for testing:


     0.840      0.394      0.783      0.798      0.912      0.198 
     0.394      0.335      0.768      0.278      0.554      0.477 
     0.783      0.768      0.629      0.365      0.513      0.952 
     0.798      0.278      0.365      0.916      0.636      0.717 
     0.912      0.554      0.513      0.636      0.142      0.607 
     0.198      0.477      0.952      0.717      0.607      0.016 

Test cyclic sweep diagonalization
Matrix A (Jacobi'ed):
     0.840      0.000      0.000      0.000      0.000     -0.000 
     0.394      0.335      0.000     -0.000      0.000      0.000 
     0.783      0.768      0.629      0.000     -0.000      0.000 
     0.798      0.278      0.365      0.916      0.000     -0.000 
     0.912      0.554      0.513      0.636      0.142      0.000 
     0.198      0.477      0.952      0.717      0.607      0.016 

Eigenvalues:
    -1.012
    -0.439
    -0.179
     0.311
     0.675
     3.523

Eigenvectors:
     0.376      0.158     -0.162      0.689      0.334      0.469 
     0.114      0.381      0.733      0.016     -0.445      0.326 
    -0.453      0.183     -0.539      0.019     -0.514      0.454 
    -0.207      0.323      0.051     -0.539      0.608      0.435 
    -0.388     -0.748      0.324      0.149      0.088      0.394 
     0.668     -0.364     -0.195     -0.459     -0.221      0.351 

Number of rotations: 67
Elapsed time: 0.100000 ms


Test row by row diagonalization
Matrix A (Jacobi'ed):
     0.840     -0.000      0.000     -0.000     -0.000     -0.000 
     0.394      0.335      0.000      0.000     -0.000      0.000 
     0.783      0.768      0.629      0.000     -0.000     -0.000 
     0.798      0.278      0.365      0.916      0.000      0.000 
     0.912      0.554      0.513      0.636      0.142      0.000 
     0.198      0.477      0.952      0.717      0.607      0.016 

Eigenvalues:
     3.523
     0.675
     0.311
    -0.179
    -0.439
    -1.012

Eigenvectors:
     0.469     -0.334      0.689      0.162     -0.158      0.376 
     0.326      0.445      0.016     -0.733     -0.381      0.114 
     0.454      0.514      0.019      0.539     -0.183     -0.453 
     0.435     -0.608     -0.539     -0.051     -0.323     -0.207 
     0.394     -0.088      0.149     -0.324      0.748     -0.388 
     0.351      0.221     -0.459      0.195      0.364      0.668 

Number of rotations: 154
Elapsed time: 0.096000 ms


Test row by row - eliminate largest first - diagonalization
Matrix A (Jacobi'ed):
     0.840      0.000      0.000      0.000      0.000      0.000 
     0.394      0.335     -0.000     -0.000      0.000      0.000 
     0.783      0.768      0.629      0.000      0.000      0.000 
     0.798      0.278      0.365      0.916      0.000      0.000 
     0.912      0.554      0.513      0.636      0.142      0.000 
     0.198      0.477      0.952      0.717      0.607      0.016 

Eigenvalues:
     3.523
     0.675
     0.311
    -0.179
    -0.439
    -1.012

Eigenvectors:
     0.469      0.334      0.689     -0.162      0.158     -0.376 
     0.326     -0.445      0.016      0.733      0.381     -0.114 
     0.454     -0.514      0.019     -0.539      0.183      0.453 
     0.435      0.608     -0.539      0.051      0.323      0.207 
     0.394      0.088      0.149      0.324     -0.748      0.388 
     0.351     -0.221     -0.459     -0.195     -0.364     -0.668 

Number of rotations: 142
Elapsed time: 0.106000 ms


